236
1
264
122
101
96
50
140
221
130
212
149
253
260
155
26
173
223
193
9
189
60
150
170
146
63
71
228
70
58
53
76
187
98
169
226
105
164
197
157
117
240
111
113
211
160
82
5
2
57
137
48
116
141
49
196
94
115
107
13
87
215
89
235
139
100
161
34
92
213
85
38
20
262
237
134
35
21
200
144
14
3
233
123
218
168
227
151
18
121
256
106
199
142
112
182
159
52
54
175
247
201
84
186
61
64
259
239
102
250
10
73
232
156
65
178
125
258
243
36
129
7
45
145
192
181
238
209
206
231
216
242
30
93
83
77
183
248
202
154
205
80
220
176
244
194
225
67
31
32
153
90
190
207
128
198
91
8
109
75
79
11
184
224
177
185
108
46
162
263
203
249
33
210
22
78
81
255
148
15
214
127
88
179
222
51
55
246
40
44
174
68
6
171
195
204
254
234
229
25
99
95
219
66
136
72
135
165
39
124
132
42
56
59
47
12
97
133
138
16
126
23
245
119
257
172
29
230
27
43
166
252
261
208
19
28
24
118
158
41
86
191
4
217
265
241
163
180
69
62
37
188
167
120
131
251
147
114
143
17
74
152