137
261
257
150
86
111
74
244
60
51
104
68
231
141
164
151
117
16
262
83
32
187
79
88
142
232
216
154
204
4
149
81
235
98
2
239
227
213
106
191
200
203
105
27
174
76
21
185
171
6
152
13
147
260
22
221
54
184
192
33
259
194
80
29
159
84
34
90
9
47
223
183
45
229
225
124
116
199
209
143
254
71
182
230
181
228
238
264
66
64
156
87
28
55
62
44
210
59
170
249
206
176
144
162
52
107
215
173
122
128
112
234
65
165
148
37
99
186
207
205
26
123
10
201
131
72
220
38
129
39
101
208
95
250
178
158
114
236
14
222
12
115
120
163
41
69
177
57
243
48
113
97
188
1
161
263
219
40
35
43
138
196
119
193
179
53
15
18
240
198
96
134
109
110
125
246
31
30
75
217
265
94
153
5
252
214
42
160
226
85
253
73
7
155
89
157
224
247
50
102
24
242
136
58
258
93
61
175
132
140
211
139
145
135
167
118
100
169
23
202
251
77
20
126
56
133
190
189
63
195
212
241
25
91
237
197
256
108
67
245
168
11
49
130
121
70
233
19
255
36
180
17
127
218
92
8
166
248
172
146
82
3
46
78